AO-07
1 07530U 74089B   21140.57051098 -.00000023  00000-0  14043-3 0  9997
2 07530 101.8523 115.1047 0012645  75.9027  33.5344 12.53648772128237
UO-11
1 14781U 84021B   21140.60096574  .00000126  00000-0  21472-4 0  9990
2 14781  97.5927 141.8146 0008767 163.0945 197.0563 14.83284437981804
LO-19
1 20442U 90005G   21140.41786362  .00000023  00000-0  24833-4 0  9990
2 20442  98.7394  95.6320 0010707 241.2562 118.7546 14.32986298636814
HUBBLE
1 20580U 90037B   21140.60504481  .00000594  00000-0  24980-4 0  9995
2 20580  28.4696 249.3454 0002834 119.8283 260.1056 15.09642983506842
MET-2/21
1 22782U 93055A   21140.60369987  .00000033  00000-0  16528-4 0  9991
2 22782  82.5473 326.0178 0022632  13.0096  49.1915 13.83835190399677
AO-27
1 22825U 93061C   21140.60279394  .00000003  00000-0  19065-4 0  9994
2 22825  98.9188 157.5335 0009476 113.2185 246.9995 14.30114671442002
IO-26
1 22826U 93061D   21140.57980015  .00000009  00000-0  21279-4 0  9996
2 22826  98.9130 157.4212 0010076 102.1511 258.0800 14.30453408442240
FO-29
1 24278U 96046B   21140.79405004 -.00000027  00000-0  10419-4 0  9994
2 24278  98.5681 212.4338 0349617 221.1786 136.2493 13.53103983222754
NOAA-15
1 25338U 98030A   21140.65156443  .00000085  00000-0  54227-4 0  9990
2 25338  98.6839 169.4225 0010417   8.8138 351.3222 14.26030633197289
GO-32
1 25397U 98043D   21140.71607095 -.00000003  00000-0  18293-4 0  9994
2 25397  98.7694  86.3466 0001886 128.5379 231.5968 14.23708217187760
ISS
1 25544U 98067A   21140.80698022  .00001493  00000-0  35218-4 0  9993
2 25544  51.6435 118.1476 0003259  24.0266  44.4825 15.49027971284357
NO-44
1 26931U 01043C   21140.28347920 -.00000011  00000-0  27530-4 0  9996
2 26931  67.0520 353.1395 0006726 262.2295  97.8043 14.30618755 25201
SO-50
1 27607U 02058C   21140.51667692  .00000066  00000-0  29846-4 0  9992
2 27607  64.5566  63.7734 0037420  30.9329 329.3967 14.75747715990597
CO-55
1 27844U 03031E   21140.75926568  .00000073  00000-0  52215-4 0  9997
2 27844  98.6804 149.3923 0010401 152.8218 207.3506 14.22308899928082
CO-57
1 27848U 03031J   21140.74420975  .00000065  00000-0  49364-4 0  9993
2 27848  98.6861 149.9433 0010031 165.4860 194.6608 14.21885841927900
RS-22
1 27939U 03042A   21140.75781799  .00000222  00000-0  48400-4 0  9996
2 27939  98.1362 278.0532 0013126  14.6704 345.4882 14.66982369943467
NOAA-18
1 28654U 05018A   21140.75143721  .00000090  00000-0  72897-4 0  9993
2 28654  98.9953 205.5034 0014137   5.1585 354.9730 14.12607280824623
CO-58
1 28895U 05043F   21140.33370907  .00000187  00000-0  44802-4 0  9992
2 28895  98.0546 274.1926 0015483 301.2955  58.6731 14.63909220829895
Falconsat-3
1 30776U 07006E   21140.69429323  .00005506  00000-0  13319-3 0  9998
2 30776  35.4342 278.6024 0002534 352.8473   7.2219 15.40550226788825
CO-65
1 32785U 08021C   21140.43880859  .00000361  00000-0  44191-4 0  9992
2 32785  97.6096 120.3721 0014564  95.4355 264.8524 14.88710295708002
AAUSAT2
1 32788U 08021F   21140.52279393  .00001044  00000-0  99005-4 0  9993
2 32788  97.5042 136.3528 0011879  12.1758 347.9748 14.95554477709688
DO-64
1 32789U 08021G   21140.62985355  .00002047  00000-0  13358-3 0  9997
2 32789  97.3783 177.0672 0010296 232.0369 127.9931 15.08900310712730
CO-66
1 32791U 08021J   21140.45174714  .00000590  00000-0  64343-4 0  9992
2 32791  97.5699 126.3245 0014665  62.8570 297.4142 14.91388689708609
RS-30
1 32953U 08025A   21140.78314973  .00000028  00000-0  12906-3 0  9998
2 32953  82.5052  68.1376 0020767  39.5679 320.6913 12.43101934589541
PRISM
1 33493U 09002B   21140.80190806  .00000375  00000-0  37561-4 0  9994
2 33493  98.1869 102.0155 0015729  22.3602 337.8301 14.97631028670197
NOAA-19
1 33591U 09005A   21140.64113011  .00000080  00000-0  68590-4 0  9990
2 33591  99.1850 160.6558 0013495 206.6400 153.4079 14.12468425632991
SRMSAT
1 37841U 11058D   21140.26441311  .00000300  00000-0  19637-4 0  9991
2 37841  19.9712 111.4482 0011770 345.0306  44.4393 14.10695011495689
HRBE
1 37855U 11061F   21140.35025833  .00001559  00000-0  82110-4 0  9990
2 37855 101.7139  49.1844 0167170 154.2384 206.7275 15.07569298521943
RS-40
1 38735U 12041C   21140.49371544 -.00000010  00000-0 -14695-3 0  9990
2 38735  82.4751 150.5308 0017943 142.5352 217.6973 12.42582673399717
ZACUBE-1
1 39417U 13066B   21140.69097430  .00000311  00000-0  45134-4 0  9992
2 39417  97.5916 126.4586 0057076 251.7731 107.7265 14.81505249404966
GOMX-1
1 39430U 13066Q   21140.69981435  .00000230  00000-0  50556-4 0  9998
2 39430  97.8130  65.3644 0149695 201.8312 157.6473 14.59602515398997
LO-74
1 39440U 13066AA  21140.52638469  .00000353  00000-0  55718-4 0  9998
2 39440  97.6743 111.2520 0079064 327.1646  32.4665 14.76234130402301
AO-73
1 39444U 13066AE  21140.69210971  .00000389  00000-0  53762-4 0  9990
2 39444  97.5825 128.8191 0056205 241.9929 117.5592 14.82410045403912
SPROUT
1 39770U 14029E   21140.57746952  .00000982  00000-0  11197-3 0  9996
2 39770  97.9129 251.8785 0007912 307.1812  52.8664 14.88385122379194
DTUSAT-2
1 40030U 14033W   21140.33182818  .00000371  00000-0  45479-4 0  9994
2 40030  97.9159  67.5846 0010320 268.1184  91.8851 14.88978100375138
EO-80
1 40032U 14033Y   21140.76464509  .00000366  00000-0  44935-4 0  9993
2 40032  97.9166  68.0234 0010280 267.3741  92.6298 14.88935187375693
HODOYOSHI-1
1 40299U 14070B   21140.68555341  .00001032  00000-0  44452-4 0  9990
2 40299  97.2858 215.0158 0014695  86.9578  71.5591 15.24683031363187
FIREBIRD FU3
1 40377U 15003B   21140.61711485  .00002917  00000-0  10945-3 0  9992
2 40377  99.0951 276.0298 0116999 266.1026  92.6823 15.22217013348568
FIREBIRD FU4
1 40378U 15003C   21140.59442590  .00002913  00000-0  10911-3 0  9997
2 40378  99.0956 276.1387 0117078 265.9980  92.7861 15.22266624348564
GRIFEX
1 40379U 15003D   21140.78354119  .00001593  00000-0  68193-4 0  9997
2 40379  99.0915 265.9256 0127655 297.6047  61.2266 15.17939478347993
NO-84
1 40654U 15025D   21139.41241697  .00029982  00000-0  22529-3 0   211
2 40654  54.9797 178.6270 0081649 350.9678   9.0188 15.67906438  2499
XW-2A
1 40903U 15049E   21140.72252394  .00004093  00000-0  88010-4 0  9994
2 40903  97.2372 195.2880 0014254 113.3348   4.5216 15.45132269318514
XW-2C
1 40906U 15049H   21140.71331671  .00001154  00000-0  62255-4 0  9990
2 40906  97.4859 143.4157 0012811 286.9000 128.2182 15.16700100313367
XW-2D
1 40907U 15049J   21140.71341813  .00001284  00000-0  68273-4 0  9990
2 40907  97.4847 143.2009 0012140 282.5130 132.5575 15.17015206313394
LILACSAT-2
1 40908U 15049K   21140.66902787  .00000784  00000-0  46231-4 0  9992
2 40908  97.5039 141.0420 0014241 299.7413 171.5505 15.14416587313020
XW-2E
1 40909U 15049L   21140.71298782  .00001779  00000-0  87063-4 0  9995
2 40909  97.4665 147.1753 0011332 267.1880 151.1181 15.19463599313727
XW-2F
1 40910U 15049M   21140.71818936  .00001695  00000-0  84248-4 0  9995
2 40910  97.4720 146.2560 0012441 266.7285 211.4546 15.18965148313511
XW-2B
1 40911U 15049N   21140.71469289  .00001258  00000-0  67124-4 0  9998
2 40911  97.4843 143.8865 0011988 283.6592 131.4307 15.16932332313280
DCBB
1 40912U 15049P   21140.69441944  .00001924  00000-0  88500-4 0  9995
2 40912  97.4449 150.5982 0012703 235.8951 234.2451 15.21491396313976
TW-1A
1 40928U 15051D   21140.69664981  .00005963  00000-0  12546-3 0  9996
2 40928  97.0777 166.2693 0010753  45.0958  49.5349 15.45606654317403
IO-86
1 40931U 15052B   21136.73216147  .00000664  00000-0  32843-5 0  9995
2 40931   6.0001 118.5946 0014097 314.9831  44.9218 14.76674623304607
ATHENOXAT-1
1 41168U 15077C   21140.57505549  .00002595  00000-0  96565-4 0  9994
2 41168  14.9871 105.9419 0011038 145.0452   2.2365 15.15615716300543
ChubuSat-2
1 41338U 16012B   21140.66165756  .00000466  00000-0  29232-4 0  9997
2 41338  31.0043   2.6260 0013784 218.7638 141.2009 15.00519058288421
ChubuSat-3
1 41339U 16012C   21140.68740988  .00000477  00000-0  30022-4 0  9997
2 41339  31.0130 359.7176 0013441 227.7438 132.2105 15.00667667288426
Horyu-4
1 41340U 16012D   21140.77178213  .00000692  00000-0  45050-4 0  9991
2 41340  31.0061 343.0952 0013966 258.0840 101.8229 15.01873014288622
e-st@r-II
1 41459U 16025D   21140.61423353  .00003812  00000-0  18725-3 0  9992
2 41459  98.1372 275.1636 0161617 155.9163 204.9733 15.07957981278228
AAUSAT4
1 41460U 16025E   21140.63372459  .00006540  00000-0  30399-3 0  9998
2 41460  98.1393 278.9206 0148505 140.2824 220.9350 15.11004071278512
LO-87
1 41557U 16033B   21140.65875309  .00002198  00000-0  79733-4 0  9999
2 41557  97.3911 234.7555 0012130 341.4531 124.4849 15.29354430277287
NuSat2
1 41558U 16033C   21140.63409490  .00002149  00000-0  73237-4 0  9991
2 41558  97.4013 238.4212 0011047 335.6642 141.0910 15.31445321277464
Lapan A3
1 41603U 16040E   21140.68474947  .00000187  00000-0  11699-4 0  9998
2 41603  97.2570 188.6679 0015219  99.0109  20.6827 15.20022240272360
Pratham
1 41783U 16059A   21140.56283366  .00000077  00000-0  23877-4 0  9996
2 41783  97.9664 191.6209 0032853 336.2277  23.7406 14.63136989248179
TY-1
1 41844U 16066D   21140.70931561  .00001418  00000-0  58384-4 0  9996
2 41844  97.3997 151.2161 0012973 231.5154 184.0145 15.25718477251678
CAS-2T
1 41847U 16066G   21140.78522831  .00000065  00000-0  21028-4 0  9995
2 41847  98.6030 199.7940 0364281 303.0968  53.5736 14.38186872237902
EO-88
1 42017U 17008BX  21140.46925981  .00002691  00000-0  10103-3 0  9998
2 42017  97.3170 208.5699 0005565 191.0712 169.0406 15.28051211236984
CAS-4B
1 42759U 17034B   21140.70775762  .00000459  00000-0  40932-4 0  9991
2 42759  43.0190 333.6173 0009728 343.9672  66.9618 15.10199246216959
CAS-4A
1 42761U 17034D   21140.69916862  .00000432  00000-0  39235-4 0  9995
2 42761  43.0193 332.7385 0010153 345.4361  59.2379 15.10280916216950
NIUSat
1 42766U 17036B   21140.64910323  .00001602  00000-0  71612-4 0  9998
2 42766  97.2523 187.5862 0013228 274.0776  85.8949 15.22658237216981
Aalto 1
1 42775U 17036L   21140.55536637  .00001322  00000-0  59685-4 0  9995
2 42775  97.2493 187.7588 0011753 273.6702  86.3191 15.22621844216955
URSA MAIOR
1 42776U 17036M   21140.69399807  .00001424  00000-0  63615-4 0  9998
2 42776  97.2507 188.3427 0011550 272.4262  87.5653 15.22877784216990
Max Valier Sat
1 42778U 17036P   21140.39103455  .00001560  00000-0  68134-4 0  9991
2 42778  97.2572 189.9193 0010018 275.8815  84.1281 15.23533337217018
Pegasus
1 42784U 17036V   21140.40801877  .00001820  00000-0  77139-4 0  9997
2 42784  97.2526 190.3898 0009686 279.9660  80.0485 15.24341430217084
NUDATSat
1 42787U 17036Y   21140.58070780  .00003214  00000-0  12680-3 0  9998
2 42787  97.2552 192.8692 0008732 273.1979  86.8262 15.26227742217083
SUCHAI 1
1 42788U 17036Z   21140.09339417  .00002272  00000-0  93451-4 0  9999
2 42788  97.2536 191.0371 0009116 277.6360  82.3843 15.25111671217168
SKCUBE
1 42789U 17036AA  21140.57707368  .00002207  00000-0  91538-4 0  9999
2 42789  97.2529 191.2317 0009037 276.4320  83.5889 15.24859156217145
VZLUSAT 1
1 42790U 17036AB  21140.57434646  .00003068  00000-0  12124-3 0  9996
2 42790  97.2561 192.8542 0008377 270.6935  89.3344 15.26204998217234
VENTA 1
1 42791U 17036AC  21140.36037314  .00001874  00000-0  78277-4 0  9990
2 42791  97.2525 191.0393 0008749 278.1518  81.8728 15.24810070217104
Robusta 1B
1 42792U 17036AD  21140.68142337  .00002254  00000-0  92829-4 0  9990
2 42792  97.2532 191.7013 0008609 276.0622  83.9635 15.25092001217193
D-SAT
1 42794U 17036AF  21140.51804911  .00000436  00000-0  42975-4 0  9994
2 42794  97.4629 161.8906 0124455 319.9158  39.2927 14.91555857212897
TechnoSat
1 42829U 17042E   21140.67565604  .00000170  00000-0  22354-4 0  9994
2 42829  97.4728  11.6844 0012785 236.7772 123.2222 14.91275628209544
QIKCOM-1
1 42983U 98067NF  21140.45330805  .00008415  00000-0  84667-4 0  9995
2 42983  51.6378  41.6000 0002451 229.9360 130.1421 15.66392569203012
AO-91
1 43017U 17073E   21140.67335434  .00001415  00000-0  11332-3 0  9990
2 43017  97.7089  45.7583 0256012  31.3214 330.2965 14.79508149189014
EcAMSat
1 43019U 98067NG  21140.19942979  .00027661  00000-0  16302-3 0  9992
2 43019  51.6382  10.6937 0002416 208.7232 151.3636 15.77962589285725
PICSAT
1 43132U 18004X   21140.64561384  .00002195  00000-0  88791-4 0  9995
2 43132  97.4092 215.4382 0007646 313.6912  46.3692 15.25761327186441
AO-92
1 43137U 18004AC  21140.64694538  .00001783  00000-0  73937-4 0  9996
2 43137  97.4074 214.9619 0007515 317.4179  42.6476 15.25176334186419
TianYi 2
1 43155U 18008A   21140.73968544  .00001157  00000-0  70051-4 0  9990
2 43155  97.4024 206.5398 0018996  67.0439  28.1619 15.12382809183885
Zhou Enlai
1 43156U 18008B   21140.73338692  .00001424  00000-0  86434-4 0  9995
2 43156  97.4071 206.3677 0016106  66.4841  29.2190 15.11986399183820
TianYi 6
1 43158U 18008D   21140.67012138  .00001234  00000-0  76561-4 0  9993
2 43158  97.4020 204.9208 0015049  64.7725  57.6684 15.11421248183748
S-Net D
1 43186U 18014G   21140.55114085  .00000726  00000-0  68011-4 0  9998
2 43186  97.6791  48.6370 0011307 167.2938 192.8571 14.97044950180127
S-Net B
1 43187U 18014H   21140.28368963  .00000692  00000-0  65005-4 0  9997
2 43187  97.6788  48.3419 0011276 168.2104 191.9384 14.97044020180081
S-Net A
1 43188U 18014J   21140.68475868  .00000736  00000-0  68888-4 0  9996
2 43188  97.6791  48.7792 0011316 166.8554 193.2965 14.97043418180149
S-Net C
1 43189U 18014K   21140.68523944  .00000760  00000-0  70917-4 0  9999
2 43189  97.6788  48.7291 0011322 166.6648 193.4875 14.97043633178697
FMN 1
1 43192U 18015A   21140.71286538  .00003496  00000-0  13095-3 0  9995
2 43192  97.4844 275.9532 0013946 346.9084 125.3627 15.27878978183355
Shaonian Xing
1 43199U 18015H   21140.72692306  .00002594  00000-0  99191-4 0  9997
2 43199  97.4629 273.2261 0015605 356.7957 110.3529 15.27414421183416
SurfSat
1 43614U 18070B   21140.44565082  .00005506  00000-0  12920-3 0  9999
2 43614  93.0284 294.3314 0016779 109.6384 250.6685 15.41926949150359
CP-7 DAVE
1 43615U 18070C   21140.39287020  .00005069  00000-0  12006-3 0  9996
2 43615  93.0288 294.2687 0016940 109.8032 250.5052 15.41646706150333
ELFIN-B
1 43616U 18070D   21140.40248715  .00008522  00000-0  18382-3 0  9997
2 43616  93.0241 294.4296 0016787 108.5135 251.7948 15.44410935150445
ELFIN-A
1 43617U 18070E   21140.37045282  .00008930  00000-0  18979-3 0  9993
2 43617  93.0290 295.2363 0016117 105.6877 254.6160 15.44857571150452
STARS-Me Mother
1 43640U 98067PQ  21140.60901109  .00201154  27171-4  47717-3 0  9995
2 43640  51.6245  14.9867 0004496 212.0040 148.0696 15.96294515149857
CubeBel 1
1 43666U 18083E   21140.66100319  .00001763  00000-0  86728-4 0  9991
2 43666  97.4563 169.3788 0012713 266.1081 240.7097 15.19268115141791
Changshagaoxin
1 43669U 18083H   21140.69272931  .00001222  00000-0  63301-4 0  9999
2 43669  97.4473 166.5692 0008819 260.3979 237.5640 15.18061228141671
Ten-Koh
1 43677U 18084G   21140.59459611  .00000178  00000-0  24104-4 0  9997
2 43677  97.9162 263.5670 0017267 123.9790 236.3071 14.90458080139156
PO-101
1 43678U 18084H   21140.68384668 -.00000241  00000-0 -18157-4 0  9991
2 43678  97.9188 265.8264 0010842 135.5987 224.6106 14.91742379139290
IRVINE 01
1 43693U 18088D   21140.67584604  .00005153  00000-0  20158-3 0  9991
2 43693  85.0366 213.4122 0018944 124.3032 236.0008 15.25399378140209
QO-100
1 43700U 18090A   21140.49947675  .00000149  00000-0  00000-0 0  9995
2 43700   0.0148 291.2920 0001107 134.6598  18.0629  1.00274319  9089
Reaktor Hello World
1 43743U 18096AA  21140.69657034  .00002249  00000-0  82969-4 0  9998
2 43743  97.3860 218.4201 0017617  20.6982 339.4968 15.28704530137898
MinXSS-2
1 43758U 18099A   21140.41161242  .00001072  00000-0  10034-3 0  9994
2 43758  97.6677 212.1842 0016776 138.5397 221.7101 14.96030540134323
AO-95
1 43770U 18099N   21140.14403884  .00000929  00000-0  89349-4 0  9995
2 43770  97.6660 210.9546 0015485 147.3648 212.8533 14.95300945134226
RANGE-B
1 43772U 18099Q   21140.17803261  .00000190  00000-0  22229-4 0  9997
2 43772  97.6744 211.9394 0015203 135.4319 224.8128 14.95595665134233
RANGE-A
1 43773U 18099R   21140.14748941  .00000686  00000-0  67468-4 0  9992
2 43773  97.6595 210.3094 0014717 135.0017 225.2399 14.95200015134213
MOVE-II
1 43780U 18099Y   21140.45129530  .00000525  00000-0  51978-4 0  9992
2 43780  97.6674 211.7573 0014364 143.7811 216.4386 14.95889811134284
SNUSat 2
1 43782U 18099AA  21140.18131894  .00000058  00000-0  10302-4 0  9997
2 43782  97.6656 211.3225 0013805 134.1277 226.1082 14.95543261134248
SnugLite
1 43784U 18099AC  21140.66038579  .00000570  00000-0  56245-4 0  9993
2 43784  97.6619 211.5252 0016113 140.6316 219.6079 14.95665559134330
ITASat 1
1 43786U 18099AE  21140.67098041  .00000801  00000-0  77135-4 0  9994
2 43786  97.6677 212.1286 0016304 139.8047 220.4383 14.95597412134333
EAGLET 1
1 43790U 18099AJ  21140.51128844 -.00000207  00000-0 -13389-4 0  9990
2 43790  97.6667 212.3734 0014256 143.4279 216.7918 14.95952401134031
ESEO
1 43792U 18099AL  21140.69267713  .00000223  00000-0  25138-4 0  9991
2 43792  97.6636 212.1648 0014322 139.2953 220.9341 14.95734205134113
CSIM
1 43793U 18099AM  21140.46572263  .00000972  00000-0  90366-4 0  9992
2 43793  97.6658 212.2832 0014272 137.6873 222.5452 14.96547380134085
Astrocast 0.1
1 43798U 18099AS  21140.46518507  .00000859  00000-0  81224-4 0  9995
2 43798  97.6669 212.5125 0013719 125.0676 235.1834 14.96159432134336
JO-97
1 43803U 18099AX  21140.70626160  .00000084  00000-0  12574-4 0  9996
2 43803  97.6641 211.9186 0016057 139.3545 220.8878 14.95841048134344
Suomi 100
1 43804U 18099AY  21140.44364597  .00000047  00000-0  92958-5 0  9995
2 43804  97.6637 211.6303 0016110 140.5311 219.7087 14.95811745134310
Al Farabi 2
1 43805U 18099AZ  21140.91696567  .00000089  00000-0  13005-4 0  9994
2 43805  97.6637 212.2999 0016133 137.4739 222.7749 14.96021984134399
CHOMPTT
1 43855U 18104G   21140.54690439  .00001646  00000-0  66320-4 0  9995
2 43855  85.0342 312.0055 0014960 246.5972 113.3698 15.23905680134840
ISAT
1 43879U 18111D   21140.64915633  .00000709  00000-0  67259-4 0  9997
2 43879  97.6866  48.3980 0012162 188.2181 171.8805 14.96613191128897
UWE-4
1 43880U 18111E   21140.70847411  .00000400  00000-0  39929-4 0  9995
2 43880  97.6893  48.9127 0011568 189.2719 170.8291 14.96849210128931
Sparrow
1 43881U 18111F   21140.54654387  .00000750  00000-0  70337-4 0  9992
2 43881  97.6891  48.8795 0012147 188.2302 171.8722 14.96896951130916
Lume 1
1 43908U 18111AJ  21140.26748520  .00001934  00000-0  77182-4 0  9994
2 43908  97.2360  35.8768 0021603  35.6408 324.6268 15.26147463133375
FO-98
1 43933U 19003B   21140.70322216  .00013431  00000-0  51725-3 0  9991
2 43933  97.1855 183.1523 0018276 128.8173 231.4701 15.26313320129877
FO-99
1 43937U 19003F   21140.57925612  .00002572  00000-0  10297-3 0  9992
2 43937  97.1787 184.8764 0025063 110.2642 250.1295 15.25640260130017
MYSat 1
1 44045U 18092F   21140.36932218  .00004523  00000-0  12247-3 0  9992
2 44045  51.6370 203.2034 0010596 102.1890 258.0282 15.39709752127136
AstroCast 0.2
1 44083U 19018F   21140.70540236  .00001964  00000-0  87576-4 0  9990
2 44083  97.3743 202.3039 0014503  73.0217 287.2608 15.22499131118679
AISTechSat 3
1 44103U 19018AB  21140.70350162  .00001527  00000-0  65778-4 0  9995
2 44103  97.3600 202.6794 0015169  83.0847  35.2825 15.24006221118784
AISat 1
1 44104U 19018AC  21140.45306037  .00001875  00000-0  60109-4 0  9999
2 44104  97.4257 217.6428 0058503  95.0319 265.7604 15.32004256119387
Raavana-1
1 44329U 98067QE  21140.51935779  .00055548  00000-0  37008-3 0  9994
2 44329  51.6351  69.0026 0004578 151.2072 208.9181 15.74818206109753
Uguisu
1 44330U 98067QF  21140.19077477  .00047213  00000-0  32224-3 0  9997
2 44330  51.6309  71.2219 0004517 151.9611 208.1632 15.74328478109677
NepaliSat-1
1 44331U 98067QG  21140.19639798  .00048872  00000-0  32788-3 0  9995
2 44331  51.6318  70.5063 0004503 152.1963 207.9278 15.74711735109692
Prox-1
1 44339U 19036A   21140.35728707  .00000982  00000-0  18113-3 0  9995
2 44339  23.9990 151.1565 0010325 231.4487 128.5079 14.53551592101083
Oculus-ASR
1 44348U 19036K   21140.67998320  .00009839  00000-0  13141-3 0  9996
2 44348  28.5147 318.5502 0332774 326.6271  31.3747 15.11396077104706
Armadillo
1 44352U 19036P   21140.52603095  .00016944  00000-0  21477-3 0  9993
2 44352  28.5291 300.3241 0304080 354.6214   5.1156 15.18499448104826
NO-104
1 44354U 19036R   21140.14251772  .00010251  00000-0  13386-3 0  9999
2 44354  28.5302 315.6942 0327933 329.3144  28.8642 15.12862686104689
NO-103
1 44355U 19036S   21140.72753095  .00028883  00000-0  32167-3 0  9997
2 44355  28.5224 271.1201 0269728  41.9760 320.1181 15.28024847105172
CP9
1 44360U 19036X   21140.51179633  .00087496 -43896-5  62188-3 0  9997
2 44360  28.5029 213.9082 0199513 136.6007 225.0490 15.50093874105595
Move-IIb
1 44398U 19038N   21140.54460835  .00002559  00000-0  14532-3 0  9991
2 44398  97.5823 104.6792 0026045  48.6697 311.6767 15.13564392103543
SONATE
1 44400U 19038Q   21140.59542679  .00000812  00000-0  50085-4 0  9991
2 44400  97.5875 104.6258 0026273  48.3362 312.0105 15.12504916103524
BeeSat 9
1 44412U 19038AC  21140.63171727  .00001673  00000-0  97397-4 0  9994
2 44412  97.5861 104.9155 0023655  52.6406 307.6974 15.13209599103242
JAISAT-1
1 44419U 19038F   21140.41205584  .00001553  00000-0  89524-4 0  9996
2 44419  97.5864 105.2221 0022502  51.8609 308.4646 15.13693058103552
LightSail-2
1 44420U 19036AC  21140.35574392  .00007946  00000-0  15788-2 0  9996
2 44420  24.0070 132.3481 0009622 222.2570 137.7182 14.59957715 99404
Taurus 1
1 44530U 19059C   21140.77215265  .00000721  00000-0  21468-3 0  9997
2 44530  98.5490 230.8803 0012861 219.2700 140.7560 14.46039118 89081
Duchifat 3
1 44854U 19089C   21140.62595990  .00000690  00000-0  61496-4 0  9990
2 44854  36.9656 265.1975 0009416 279.4095  80.5584 14.99474888 78921
OPS-SAT
1 44878U 19092F   21140.54303070  .00001193  00000-0  64673-4 0  9996
2 44878  97.4751 324.4465 0012134 266.5865  93.3980 15.16469014 78603
TO-108
1 44881U 19093C   21140.70736575  .00000110  00000-0  20793-4 0  9992
2 44881  97.9229 219.8353 0015882  28.5241 331.6840 14.81448952 76624
FloripaSat 1
1 44885U 19093G   21140.67657332  .00000416  00000-0  58706-4 0  9999
2 44885  97.9243 220.3464 0015581  36.8317 323.3967 14.82282888 76652
RS-44
1 44909U 19096E   21140.48170767  .00000028  00000-0  63003-4 0  9995
2 44909  82.5179 131.3986 0217788 158.2207 202.8331 12.79709940 65243
SwampSat-2
1 45115U 19071E   21140.52804058  .00045169  00000-0  75226-3 0  9994
2 45115  51.6348 154.8212 0003431 202.8796 157.2041 15.51551143 73105
HO-107
1 45119U 19071J   21140.50023477  .00003085  00000-0  98525-4 0  9993
2 45119  51.6406 172.4130 0011060 186.9346 173.1485 15.35634443 72878
Phoenix
1 45258U 98067RB  21140.62864142  .00010432  00000-0  15296-3 0  9991
2 45258  51.6386 108.0948 0005708 139.5122 220.6295 15.56147090 70874
AztechSat-1
1 45261U 98067RE  21140.31289862  .00030040  00000-0  31763-3 0  9995
2 45261  51.6360 100.7264 0005571 147.0424 213.0919 15.63892534 70975
QARMAN
1 45263U 98067RG  21140.29476914  .00019907  00000-0  24154-3 0  9995
2 45263  51.6381 105.1232 0005665 145.8984 214.2374 15.60593231 70949
Quetzal 1
1 45598U 98067RL  21140.30492163  .00017692  00000-0  23067-3 0  9993
2 45598  51.6392 108.9598 0000242 321.4977  38.5998 15.58791997 60166
BY70-2
1 45857U 20042B   21140.73371168  .00001461  00000-0  21474-3 0  9994
2 45857  97.9827 216.7697 0009326 308.7324  51.3044 14.76955882 47450
UPMSat 2
1 46276U 20061E   21140.70407420  .00000752  00000-0  42035-4 0  9998
2 46276  97.4330 215.0386 0003093  95.6199 264.5387 15.16433869 39331
AmicalSat
1 46287U 20061R   21140.68409670  .00001147  00000-0  73563-4 0  9995
2 46287  97.4883 214.5581 0003005 158.3812 201.7545 15.10430451 39156
SALSAT
1 46495U 20068K   21140.57442882  .00001238  00000-0  95228-4 0  9996
2 46495  97.6910  78.2355 0017352 163.2219 196.9583 15.03439204 35149
BY70-3
1 46839U 20079N   21140.71857519  .00003481  00000-0  10981-3 0  9997
2 46839  97.2398 215.1267 0005540 317.2771 141.4138 15.33512329 29957
SPOC
1 46921U 98067RR  21140.23036329  .00008825  00000-0  14163-3 0  9999
2 46921  51.6413 116.7219 0002253   4.9768 355.1244 15.53882204 30473
Bobcat-1
1 46922U 98067RS  21140.33776089  .00013807  00000-0  20602-3 0  9996
2 46922  51.6422 115.2047 0002329  18.5317 341.5759 15.55360449 30465
Neutron-1
1 46923U 98067RT  21140.30795813  .00008522  00000-0  13762-3 0  9997
2 46923  51.6412 116.4877 0002455  16.9324 343.1748 15.53761397 30516
CAPE 3
1 47309U 21002A   21140.43845720  .00001913  00000-0  97120-4 0  9996
2 47309  60.6884  36.6819 0038459  33.8050 326.5477 15.20694028 18626
AO-109
1 47311U 21002C   21140.43111630  .00001522  00000-0  78151-4 0  9994
2 47311  60.6884  36.0913 0033180  33.8816 326.4381 15.21581729 18609
MiTEE 1
1 47314U 21002F   21140.26588716  .00002826  00000-0  12956-3 0  9999
2 47314  60.6858  35.8206 0031043  23.0150 337.2320 15.22969375 18615
ExoCube 2
1 47319U 21002L   21140.19758424  .00001556  00000-0  80410-4 0  9991
2 47319  60.6839  37.2030 0034311  33.2327 327.0904 15.21196746 18539
UVSQ-SAT
1 47438U 21006AB  21140.40823825  .00001077  00000-0  64458-4 0  9991
2 47438  97.4891 202.1318 0012543 187.6992 172.4049 15.13079716 17814
YUSAT 1
1 47439U 21006AC  21140.67481352  .00001315  00000-0  77899-4 0  9994
2 47439  97.4893 202.3913 0012463 186.8917 173.2144 15.13063799 17852
SOMP 2b
1 47445U 21006AJ  21140.22125860  .00001014  00000-0  61191-4 0  9995
2 47445  97.4863 201.8772 0012040 192.1389 167.9553 15.12923250 17789
IDEASSat
1 47458U 21006AX  21140.69463811  .00001093  00000-0  65929-4 0  9991
2 47458  97.4953 202.4611 0011270 187.5494 172.5569 15.12787512 17857
RSP-01
1 47925U 98067SB  21140.47509473  .00010751  00000-0  18894-3 0  9991
2 47925  51.6418 119.0900 0001622 326.8490  33.2398 15.51059919 10438
TAUSAT-1
1 47926U 98067SC  21140.20123815  .00011166  00000-0  19239-3 0  9990
2 47926  51.6416 120.2615 0002696 315.8008  44.2766 15.51577482 10384
Tsuru
1 47927U 98067SD  21140.21933920  .00009615  00000-0  17052-3 0  9995
2 47927  51.6418 120.3818 0001606 320.7744  39.3128 15.50944082 10396
STARS-EC
1 47928U 98067SE  21140.47922509  .00013005  00000-0  22742-3 0  9995
2 47928  51.6414 119.1134 0006447  16.6588 343.4612 15.50978283 10415
Maya-2
1 47929U 98067SF  21140.54011034  .00009552  00000-0  16922-3 0  9991
2 47929  51.6418 118.7743 0001637 316.5723  43.5138 15.50982392 10406
OPUSAT-II
1 47930U 98067SG  21140.53517885  .00014059  00000-0  24216-3 0  9990
2 47930  51.6418 118.7421 0001477 321.8588  38.2296 15.51343009 10448
GuaraniSat-1
1 47931U 98067SH  21140.66840209  .00009777  00000-0  17291-3 0  9990
2 47931  51.6420 118.1316 0001659 315.3887  44.6969 15.50998996 10461
CubeSX-Sirius-HSE
1 47951U 21022V   21140.66472743  .00001503  00000-0  10786-3 0  9994
2 47951  97.5608  43.3749 0023298  49.0285 311.2955 15.05629038  8873
CubeSX-HSE
1 47952U 21022W   21140.59676659  .00001480  00000-0  10616-3 0  9995
2 47952  97.5607  43.3117 0023281  49.0437 311.2798 15.05667617  8862
KSU-Cubesat
1 47954U 21022Y   21140.52745460  .00000999  00000-0  72899-4 0  9993
2 47954  97.5621  43.2525 0023022  49.0617 311.2598 15.05742261  8570
GRBAlpha
1 47959U 21022AD  21140.66337645  .00001493  00000-0  10707-3 0  9994
2 47959  97.5610  43.3805 0023057  49.3538 310.9692 15.05665147  7698
Orbicraft-Zorkiy
1 47960U 21022AE  21140.66084846  .00001435  00000-0  10289-3 0  9999
2 47960  97.5629  43.3943 0022796  49.1375 311.1824 15.05730735  8382
STECCO
1 47962U 21022AG  21140.69884810  .00000687  00000-0  50217-4 0  9997
2 47962  97.5576  43.4952 0018549  46.4163  10.3338 15.06733489  7693
DO-111
1 47963U 21022AH  21140.54415966  .00003355  00000-0  22641-3 0  9998
2 47963  97.5603  43.3710 0021124  43.3415 316.9469 15.07119692  7690
MO-110
1 47964U 21022AJ  21140.76077198  .00001076  00000-0  75669-4 0  9991
2 47964  97.5580  43.5785 0021402  42.4461  43.5419 15.06997941  7709
